BOM RETIRO 301 818,6 100 281,2 2 5,3 1 2,6 34 88,4 5 12,9 14 35,7 21,0 53,1 37 92,8 39 97,9
CONSOLAÇÃO 92 160,1 31 54,0 6 10,4 8 13,9 50 87,1 9 15,7 21 36,7 66,0 115,4 52 91,1 51 89,4
SANTA CECILIA 255 293,9 75 87,7 2 2,3 6 6,8 100 113,4 16 18,1 96 108,3 74,0 83,4 129 145,3 124 139,6
BELA VISTA 181 252,5 120 169,6 5 6,9 9 12,4 73 100,1 8 10,9 24 32,7 76,0 103,5 67 91,1 61 83,0
CAMBUCI 388 991,5 39 102,0 3 7,5 2 5,0 42 104,1 6 14,8 41 100,4 46,0 112,2 41 99,5 34 82,5
LIBERDADE 261 366,0 100 142,0 10 13,8 4 5,5 57 78,6 12 16,5 15 20,6 50,0 68,5 66 90,2 52 71,1
REPUBLICA 79 131,5 105 178,6 6 9,8 3 4,9 38 61,8 7 11,3 8 12,9 32,0 51,5 43 69,1 38 61,1
SÉ 92 362,8 71 288,0 4 15,3 2 7,6 25 94,6 3 11,2 4 14,9 13,0 48,0 60 220,3 16 58,7
CIDADE TIRADENTES 1495 669,7 311 147,0 16 6,9 12 5,2 175 75,1 14 5,9 258108,5151,062,916768,9 376 155,1
ERMELINO 1131 971,1 125 108,4 11 9,3 4 3,4 153 129,4 30 25,3 123103,3156,0130,6272226,9 270 225,2
PONTE RASA 906 988,9 94 101,6 8 8,8 3 3,3 112 124,2 33 36,8 4651,471,079,4154172,7 183 205,2
GUAIANASES 686 643,9 281 266,3 7 6,5 5 4,6 139 127,4 11 10,0 11099,7207,0186,5175156,8 360 322,5
LAJEADO 1607 949,7 1351 807,5 13 7,5 2 1,2 242 139,5 20 11,5 12269,5263,0148,813475,4 553 311,0
ITAIM PAULISTA 843 367,8 362 159,4 9 3,9 13 5,6 250 106,9 25 10,6 6527,5232,097,8291122,0 497 208,4
VILA CURUÇA 1055 699,5 314 209,2 11 7,2 4 2,6 258 168,7 30 19,5 7951,2109,070,413486,2 364 234,1
CIDADE LIDER 1000 762,5 236 182,5 3 2,2 2 1,5 240 178,5 22 16,3 5641,2108,079,1145105,6 204 148,6
ITAQUERA 3164 1520,8 641 310,0 18 8,6 8 3,8 288 136,6 29 13,7 275129,6256,0120,3534250,1 1611 754,5
JOSÉ BONIFÁCIO 437 333,3 162 126,3 2 1,5 4 3,0 206 152,1 10 7,3 6950,262,044,86345,3 173 124,4
PARQUE DO CARMO 972 1386,8 227 327,3 5 7,0 1 1,4 85 119,0 10 13,9 5170,864,088,54257,8 135 185,9
IGUATEMI 306 220,3 81 60,4 3 2,1 3 2,1 115 78,0 9 6,0 8354,845,029,37749,6 124 79,8
SÃO MATEUS 538 347,4 190 122,6 10 6,4 3 1,9 224 144,2 16 10,3 6139,288,056,47044,8 239 152,8
SÃO RAFAEL 234 153,9 84 56,5 6 3,8 4 2,6 156 98,6 15 9,4 5031,0226,0139,29155,6 449 274,2
JARDIM HELENA 1228 914,1 126 93,6 1 0,7 3 2,2 75 55,4 9 6,6 8763,978,057,19972,3 178 130,0
SÃO MIGUEL 1316 1460,5 210 231,0 3 3,4 2 2,2 154 172,3 44 49,3 108121,365,073,1207233,3 557 627,8
VILA JACUI 961 668,1 318 222,0 6 4,1 0 0,0 369 253,7 30 20,6 10370,4100,068,2279189,6 383 260,3
CACHOEIRINHA 2096 1449,3 88 61,0 22 15,1 14 9,6 303 207,5 28 19,1 417 283,9 276,0 187,3 266 179,9 387 261,8
CASA VERDE 1208 1404,6 52 60,6 4 4,7 6 7,0 223 259,3 15 17,4 40 46,5 74,0 86,1 161 187,5 137 159,5
LIMÃO 1100 1385,1 54 67,7 1 1,3 7 8,8 90 113,0 11 13,8 49 61,5 72,0 90,4 124 155,6 117 146,8
BRASILANDIA 9974 3646,7 169 62,6 21 7,5 16 5,7 564 201,2 71 25,2 318 112,1 313,0 109,7 360 125,4 496 172,8
FREGUESIA DO O 2616 1852,0 179 126,3 11 7,8 6 4,3 354 252,3 44 31,4 86 61,4 123,0 87,9 265 189,6 301 215,4
JAÇANÃ 1273 1333,9 64 67,3 9 9,4 5 5,2 284 296,0 29 30,2 203 211,1 95,0 98,7 218 226,1 721 747,8
TREMEMBÉ 1202 568,9 135 65,7 58 26,5 10 4,6 410 185,5 90 40,3 183 81,1 212,0 93,2 613 267,1 963 419,7
ANHANGUERA 619 810,8 69 96,0 0 0,0 0 0,0 88 106,1 5 5,9 30 34,9 129,0 147,7 221 249,2 473 533,4
PERUS 880 1038,1 25 30,2 12 13,7 3 3,4 44 49,8 12 13,4 40 44,4 72,0 79,2 79 86,1 225 245,3
JARAGUA 2752 1375,5 104 53,7 7 3,4 6 2,9 275 130,8 19 8,9 148 68,9 89,0 41,1 208 95,1 616 281,5
PIRITUBA 2459 1448,7 112 66,3 8 4,7 5 2,9 382 223,5 34 19,9 83 48,4 269,0 156,9 232 135,2 478 278,6
SÃO DOMINGOS 396 462,3 70 82,0 7 8,1 6 7,0 592 686,3 15 17,4 27 31,2 88,0 101,6 164 189,2 747 861,6
MANDAQUI 701 644,8 69 63,7 8 7,3 6 5,5 258 236,4 20 18,3 41 37,5 131,0 119,8 206 188,3 179 163,6
SANTANA 882 762,8 89 76,1 6 5,3 3 2,6 148 130,1 14 12,4 46 40,8 125,0 111,5 342 306,7 164 147,1
TUCURUVI 384 393,5 74 75,6 7 7,2 12 12,4 128 132,5 22 22,8 50 52,0 118,0 123,2 247 258,7 252 263,9
VILA GUILHERME 366 654,7 62 112,2 1 1,8 2 3,5 73 128,4 10 17,5 2848,999,0172,6225391,4 134 233,1
VILA MARIA 2240 1973,1 205 180,6 8 7,0 8 7,0 298 261,6 32 28,1 88 77,1 178,0 156,0 370 324,0 411 359,9
VILA MEDEIROS 2576 2043,5 72 56,4 16 12,9 5 4,0 154 124,2 31 25,1 106 86,1 89,0 72,5 300 244,9 370 302,1
BUTANTA 483 891,8 83 153,2 1 1,9 4 7,4 109 202,2 21 39,0 44 81,9 70,0 130,7 91 170,3 93 174,1
MORUMBI 132 261,7 24 49,0 0 0,0 4 7,7 48 91,6 13 24,6 2037,555,0102,554100,0 52 96,3
RAPOSO TAVARES 2911 2799,4 93 90,8 6 5,7 7 6,6 254 238,0 19 17,7 127 117,6 233,0 214,7 98 89,9 204 187,1
RIO PEQUENO 2447 2016,7 167 139,0 7 5,7 4 3,3 306 248,3 22 17,8 8165,386,069,2182146,0 194 155,6
VILA SONIA 737 635,6 140 124,1 8 6,7 8 6,7 222 184,2 18 14,8 9476,892,074,6132106,4 258 207,9
ALTO DE PINHEIROS 107 254,1 125 294,0 7 16,9 4 9,7 40 97,1 10 24,4 2151,6112,0276,965161,7 101 251,3
BARRA FUNDA 108 710,5 16 107,6 3 19,1 1 6,4 25 157,0 5 31,0 50306,039,0235,350297,5 46 273,7
ITAIM BIBI 380 397,7 82 86,9 8 8,3 7 7,2 73 75,3 18 18,5 4647,3226,0232,4140143,9 66 67,9
JAGUARA 252 1032,8 36 146,3 0 0,0 3 12,4 72 299,5 4 16,7 1146,152,0218,3156656,6 769 3236,7
JAGUARE 455 862,6 37 71,8 1 1,8 3 5,5 65 118,8 10 18,1 1730,651,091,24681,7 83 147,4
JARDIM PAULISTA 186 206,6 75 83,8 11 12,2 6 6,6 58 64,0 17 18,7 2426,588,097,3105116,3 26 28,8
LAPA 563 841,7 52 78,3 7 10,4 7 10,4 121 180,3 23 34,2 3755,2121,0180,6152227,2 212 316,8
PERDIZES 413 363,6 94 83,5 5 4,4 5 4,4 170 148,4 23 20,0 3732,2136,0118,6235204,9 172 150,0
PINHEIROS 243 369,1 77 117,3 8 12,1 1 1,5 79 119,9 13 19,7 3553,299,0150,8139212,2 82 125,2
VILA LEOPOLDINA 236 550,4 28 67,6 1 2,3 5 11,3 28 62,7 4 8,9 14 30,9 33,0 72,3 77 167,6 276 600,6
CURSINO 504 450,8 324 289,8 3 2,7 10 8,9 171 150,9 28 24,6 90 79,0 226,0 198,0 96 84,0 64 56,0
IPIRANGA 602 548,2 131 119,3 7 6,3 6 5,4 134 119,9 16 14,3 47 41,8 226,0 200,3 131 115,8 124 109,6
SACOMÃ 1231 479,9 361 140,7 9 3,5 15 5,8 330 125,9 28 10,6 131 49,5 355,0 133,6 162 60,7 205 76,8
AGUA RASA 565 672,9 44 52,4 5 6,0 3 3,6 69 83,3 13 15,7 28 34,0 131,0 159,8 70 85,7 257 314,7
ARICANDUVA 1061 1213,4 74 84,6 9 10,4 1 1,2 705 818,0 4 4,7 29 33,8 68,0 79,4 68 79,5 113 132,2
BELÉM 429 904,8 134 282,6 16 33,0 19 39,2 43 88,0 15 30,5 14 28,3 22,0 44,3 67 134,3 74 148,4
BRAS 235 748,5 56 178,4 5 15,4 2 6,2 37 113,1 7 21,2 5 15,0 14,0 41,8 46 136,2 19 56,3
CARRÃO 840 994,8 151 178,8 4 4,7 4 4,7 252 297,1 17 20,0 26 30,6 75,0 88,4 62 73,1 73 86,0
MOOCA 806 1024,7 90 114,4 4 5,0 7 8,8 59 73,8 12 14,9 26 32,3 62,0 76,9 55 68,1 81 100,3
PARI 389 2127,8 53 289,9 0 0,0 0 0,0 24 126,9 5 26,2 2 10,4 11,0 56,9 40 205,6 25 128,5
TATUAPÉ 663 702,8 134 142,0 8 8,4 9 9,4 91 95,1 14 14,6 35 36,4 60,0 62,3 94 97,6 85 88,2
VILA FORMOSA 755 798,1 72 76,1 3 3,2 5 5,3 389 412,9 11 11,7 26 27,7 108,0 115,1 63 67,3 94 100,4
ARTUR ALVIM 739 720,4 272 265,2 8 7,9 3 3,0 141 139,8 61 60,7 45 45,0 97,0 97,4 138 139,1 228 229,9
CANGAÍBA 1760 1283,2 479 349,2 7 5,1 7 5,1 199 144,3 46 33,3 49 35,4 93,0 67,2 282 203,4 404 291,4
PENHA 1790 1390,0 912 708,2 11 8,5 7 5,4 229 177,5 66 51,1 41 31,8 106,0 82,2 386 299,3 267 207,0
VILA MATILDE 953 904,0 357 338,6 7 6,6 2 1,9 206 195,2 29 27,5 66 62,5 299,0 283,5 132 125,2 184 174,6
JABAQUARA 2901 1280,0 222 97,9 10 4,4 7 3,1 166 72,5 21 9,2 203 88,4 121,0 52,6 105 45,6 98 42,5
MOEMA 176 201,8 44 50,5 6 6,8 4 4,5 52 58,5 17 19,0 29 32,4 91,0 101,5 70 78,0 48 53,5
SAUDE 458 344,1 127 95,4 5 3,7 5 3,7 114 85,1 21 15,7 77 57,4 170,0 126,9 129 96,4 47 35,1
VILA MARIANA 410 311,4 76 57,7 8 6,1 10 7,6 79 59,8 22 16,6 48 36,4 120,0 91,0 138 104,8 43 32,7
SÃO LUCAS 375 262,4 120 84,0 8 5,6 8 5,6 87 60,9 17 11,9 39 27,3 109,0 76,3 125 87,6 342 239,6
SAPOPEMBA 584 203,3 337 117,3 16 5,5 8 2,8 355 122,7 21 7,2 137 47,2 185,0 63,6 172 59,0 396 135,8
VILA PRUDENTE 822 786,1 125 119,5 3 2,9 4 3,8 52 49,7 11 10,5 64 61,2 91,0 87,0 85 81,4 117 112,0
CAMPO LIMPO 2324 1053,2 277 127,7 26 11,5 12 5,3 338 148,7 24 10,5 11248,6248,0107,121291,0 846 363,0
CAPÃO REDONDO 1887 667,0 463 167,1 24 8,2 26 8,9 510 173,7 32 10,8 22475,0237,078,820166,3 431 142,2
VILA ANDRADE 637 432,0 48 34,6 13 8,3 5 3,2 105 65,6 23 14,1 3521,1103,061,112472,5 117 68,4
CIDADE DUTRA 452 227,2 99 50,0 8 4,0 5 2,5 106 52,4 22 10,8 6632,497,047,410551,2 246 119,9
GRAJAÚ 1640 436,8 240 65,0 14 3,6 13 3,4 297 76,7 22 5,6 10927,8109,027,615238,2 438 110,0
SOCORRO 209 567,3 11 29,6 2 5,5 2 5,5 10 27,6 13 36,1 2569,720,056,046129,4 24 67,5
JARDIM ANGELA 4314 1358,1 236 76,5 45 13,6 28 8,5 542 162,2 53 15,7 22465,5354,0102,523567,3 616 176,4
JARDIM SÃO LUIZ 1391 494,2 400 145,0 42 14,5 12 4,2 308 105,8 65 22,1 29499,4399,0134,016254,0 653 217,8
MARSILAC 1 12,1 1 12,1 0 0,0 1 11,9 2 23,8 0 0,0 335,41,011,8335,1 4 46,9
PARELHEIROS 217 152,2 80 58,0 16 10,7 6 4,0 66 43,6 12 7,8 3824,465,041,38654,0 145 91,0
CAMPO BELO 385 593,9 114 174,8 3 4,7 6 9,3 43 67,2 16 25,1 4164,6133,0210,566104,9 45 71,5
CAMPO GRANDE 289 277,2 207 201,4 6 5,7 4 3,8 56 52,7 23 21,6 4542,0125,0116,4113105,0 75 69,7
CIDADE ADEMAR 4414 1593,1 370 135,6 19 6,7 11 3,9 353 124,3 42 14,7 18564,4277,096,019165,8 399 137,5
PEDREIRA 1639 1072,3 386 258,5 25 15,9 7 4,4 190 119,3 13 8,1 14991,7116,070,88652,0 133 80,4
SANTO AMARO 211 286,4 57 78,3 5 6,7 5 6,7 58 78,1 19 25,5 30 40,3 92,0 123,7 81 109,0 55 74,0